		Bagerhat        Bandarban       Barguna	        Barisal	        Bhola	 	Bogra	        Brahmanbaria    Chandpur        Chapainawabganj Chittagong      Chuadanga	Comilla	        Cox's Bazar	Dhaka	        Dinajpur        Faridpur	Feni 	        Gaibandha	Gazipur	        Gopalganj       Habiganj        Jamalpur        Jessore	        Jhalokati       Jhenaidah       Joypurhat      Khagrachhari 	Khulna 		Kishoreganj 	Kurigram 	Kushtia         Lakshmipur      Lalmonirhat     Madaripur 	Magura 	        Manikganj 	Meherpur        Moulvibazar     Munshiganj      Mymensingh	Naogaon	        Narail 	        Narayanganj     Narsingdi 	Natore	        Netrokona       Nilphamari      Noakhali 	Pabna 	        Panchagarh      Patuakhali 	Pirojpur 	Rajbari 	Rajshahi        Rangamati 	Rangpur 	Satkhira	Shariatpur	Sherpur	        Sirajganj	Sunamganj 	Sylhet 		Tangail	 	Thakurgaon
	
Bagerhat 	1000000		1000000		1000000		1000000		1000000		1000000		1000000		1000000		1000000		1000000		1000000		1000000		1000000		1000000		1000000		1000000		1000000		1000000		1000000		67.4km		1000000		1000000		104km		1000000		1000000		1000000		1000000		79km		1000000		1000000		1000000		1000000		1000000		1000000		1000000		1000000		1000000		1000000		1000000		1000000		1000000		98.5km		1000000		1000000		1000000		1000000		1000000		1000000		1000000		1000000		1000000		26km		1000000		1000000		1000000		1000000		88km		1000000		1000000		1000000		1000000		1000000		1000000		1000000
Bandarban       1000000		1000000		1000000		1000000		1000000		1000000		1000000		1000000		1000000		145km		1000000		1000000		105km		1000000		1000000		1000000		1000000		1000000		1000000		1000000		1000000		1000000		1000000		1000000		1000000		1000000		1000000		1000000		1000000		1000000		1000000		1000000		1000000		1000000		1000000		1000000		1000000		1000000		1000000		1000000		1000000		1000000		1000000		1000000		1000000		1000000		1000000		1000000		1000000		1000000		1000000		1000000		1000000		1000000		137km		1000000		1000000		1000000		1000000		1000000		1000000		1000000		1000000		1000000
Barguna	      	1000000		1000000		1000000		87.7km		172km		1000000		1000000		1000000		1000000		1000000		1000000		1000000		1000000		1000000		1000000		1000000		1000000		1000000		1000000		1000000		1000000		1000000		1000000		74.7km		1000000		1000000		1000000		1000000		1000000		1000000		1000000		1000000		1000000		1000000		1000000		1000000		1000000		1000000		1000000		1000000		1000000		1000000		1000000		1000000		1000000		1000000		1000000		1000000		1000000		1000000		54km		81.1km		1000000		1000000		1000000		1000000		1000000		1000000		1000000		1000000		1000000		1000000		1000000		1000000
Barisal	        1000000		1000000		87.7km		1000000		114km		1000000		1000000		1000000		1000000		1000000		1000000		1000000		1000000		1000000		1000000		1000000		1000000		1000000		1000000		78.9km		1000000		1000000		1000000		35.5km		1000000		1000000		1000000		1000000		1000000		1000000		1000000		86.7km		1000000		75.7km		1000000		1000000		1000000		1000000		1000000		1000000		1000000		1000000		1000000		1000000		1000000		1000000		1000000		1000000		1000000		1000000		81.8km		52km		1000000		1000000		1000000		1000000		1000000		102km		1000000		1000000		1000000		1000000		1000000		1000000
Bhola	 	1000000		1000000		172km		114km		1000000		1000000		1000000		1000000		1000000		1000000		1000000		1000000		1000000		1000000		1000000		1000000		1000000		1000000		1000000		1000000		1000000		1000000		1000000		142km		1000000		1000000		1000000		1000000		1000000		1000000		1000000		117km		1000000		1000000		1000000		1000000		1000000		1000000		1000000		1000000		1000000		1000000		1000000		1000000		1000000		1000000		1000000		1000000		1000000		1000000		68.7km		1000000		1000000		1000000		1000000		1000000		1000000		1000000		1000000		1000000		1000000		1000000		1000000		1000000
Bogra	        1000000		1000000		1000000		1000000		1000000		1000000		1000000		1000000		1000000		1000000		1000000		1000000		1000000		1000000		141km		1000000		1000000		71km		1000000		1000000		1000000		180km		1000000		1000000		1000000		55.2km		1000000		1000000		1000000		1000000		1000000		1000000		1000000		1000000		1000000		1000000		1000000		1000000		1000000		1000000		69.1km		1000000		1000000		1000000		70.4km		1000000		1000000		1000000		1000000		1000000		1000000		1000000		1000000		1000000		1000000		1000000		1000000		1000000		1000000		68.4km		1000000		1000000		1000000		1000000
Brahmanbaria    1000000		1000000		1000000		1000000		1000000		1000000		1000000		1000000		1000000		1000000		1000000		68.8km		1000000		1000000		1000000		1000000		1000000		1000000		1000000		1000000		87.1km		1000000		1000000		1000000		1000000		1000000		1000000		1000000		81.6km		1000000		1000000		1000000		1000000		1000000		1000000		1000000		1000000		96.3km		1000000		1000000		1000000		1000000		96.3km		56.3km		1000000		1000000		1000000		1000000		1000000		1000000		1000000		1000000		1000000		1000000		1000000		1000000		1000000		1000000		1000000		1000000		1000000		1000000		1000000		1000000
Chandpur        1000000		1000000		1000000		1000000		1000000		1000000		1000000		1000000		1000000		1000000		1000000		51.6km		1000000		1000000		1000000		1000000		105km		1000000		1000000		1000000		1000000		1000000		1000000		1000000		1000000		1000000		1000000		1000000		1000000		1000000		1000000		36.9km		1000000		1000000		1000000		1000000		1000000		1000000		1000000		1000000		1000000		1000000		78km		1000000		1000000		1000000		1000000		64.6km		1000000		1000000		1000000		1000000		1000000		1000000		1000000		1000000		1000000		74.6km		1000000		1000000		1000000		1000000		1000000		1000000
Chapainawabganj 1000000		1000000		1000000		1000000		1000000		1000000		1000000		1000000		1000000		1000000		1000000		1000000		1000000		1000000		1000000		1000000		1000000		1000000		1000000		1000000		1000000		1000000		1000000		1000000		1000000		113km		1000000		1000000		1000000		1000000		1000000		1000000		1000000		1000000		1000000		1000000		1000000		1000000		1000000		1000000		76.1km		1000000		1000000		1000000		1000000		1000000		1000000		1000000		1000000		1000000		1000000		1000000		1000000		68.3km		1000000		1000000		1000000		1000000		1000000		1000000		1000000		1000000		1000000		1000000
Chittagong      1000000		145km		1000000		1000000		1000000		1000000		1000000		1000000		1000000		1000000		1000000		1000000		144km		1000000		1000000		1000000		110km		1000000		1000000		1000000		1000000		1000000		1000000		1000000		1000000		1000000		94.7km		1000000		1000000		1000000		1000000		1000000		1000000		1000000		1000000		1000000		1000000		1000000		1000000		1000000		1000000		1000000		1000000		1000000		1000000		1000000		1000000		1000000		1000000		1000000		1000000		1000000		1000000		1000000		55km		1000000		1000000		1000000		1000000		1000000		1000000		1000000		1000000		1000000	
Chuadanga	1000000		1000000		1000000		1000000		1000000		1000000		1000000		1000000		1000000		1000000		1000000		1000000		1000000		1000000		1000000		1000000		1000000		1000000		1000000		1000000		1000000		1000000		1000000		1000000		41.9km		1000000		1000000		1000000		1000000		1000000		50.9km		1000000		1000000		1000000		1000000		1000000		32.5km		1000000		1000000		1000000		1000000		1000000		1000000		1000000		1000000		1000000		1000000		1000000		1000000		1000000		1000000		1000000		1000000		1000000		1000000		1000000		1000000		1000000		1000000		1000000		1000000		1000000		1000000		1000000
Comilla	        1000000		1000000		1000000		1000000		1000000		1000000		68.8km		51.6km		1000000		1000000		1000000		1000000		1000000		1000000		1000000		1000000		66.8km		1000000		1000000		1000000		1000000		1000000		1000000		1000000		1000000		1000000		1000000		1000000		180km		1000000		1000000		1000000		1000000		1000000		1000000		1000000		1000000		1000000		1000000		1000000		1000000		1000000		80.1km		1000000		1000000		1000000		1000000		99.8km		1000000		1000000		1000000		1000000		1000000		1000000		1000000		1000000		1000000		1000000		1000000		1000000		1000000		1000000		1000000		1000000
Cox's Bazar	1000000		105km		1000000		1000000		1000000		1000000		1000000		1000000		1000000		144km		1000000		1000000		1000000		1000000		1000000		1000000		1000000		1000000		1000000		1000000		1000000		1000000		1000000		1000000		1000000		1000000		1000000		1000000		1000000		1000000		1000000		1000000		1000000		1000000		1000000		1000000		1000000		1000000		1000000		1000000		1000000		1000000		1000000		1000000		1000000		1000000		1000000		1000000		1000000		1000000		1000000		1000000		1000000		1000000		1000000		1000000		1000000		1000000		1000000		1000000		1000000		1000000		1000000		1000000
Dhaka		1000000		1000000		1000000		1000000		1000000		1000000		1000000		1000000		1000000		1000000		1000000		1000000		1000000		1000000		1000000		1000000		1000000		1000000		39.3km		1000000		1000000		1000000		1000000		1000000		1000000		1000000		1000000		1000000		116km		1000000		1000000		1000000		1000000		1000000		1000000		51.2km		1000000		1000000		58.8km		1000000		1000000		1000000		34.7km		84.1km		1000000		1000000		1000000		1000000		1000000		1000000		1000000		1000000		1000000		1000000		1000000		1000000		1000000		1000000		1000000		1000000		1000000		1000000		99.5km		1000000
Dinajpur	1000000		1000000		1000000		1000000		1000000		141km		1000000		1000000		1000000		1000000		1000000		1000000		1000000		1000000		1000000		1000000		1000000		115km		1000000		1000000		1000000		1000000		1000000		1000000		1000000		97.5km		1000000		1000000		1000000		1000000		1000000		1000000		1000000		1000000		1000000		1000000		1000000		1000000		1000000		1000000		1000000		1000000		1000000		1000000		1000000		1000000		58.5km		1000000		1000000		90.8km		1000000		1000000		1000000		1000000		1000000		83.7km		1000000		1000000		1000000		1000000		1000000		1000000		1000000		60.5km
Faridpur	1000000		1000000		1000000		1000000		1000000		1000000		1000000		1000000		1000000		1000000		1000000		1000000		1000000		1000000		1000000		1000000		1000000		1000000		1000000		97km		1000000		1000000		70.8km		1000000		53.3km		1000000		1000000		1000000		1000000		1000000		1000000		1000000		1000000		100km		32.3km		84km		1000000		1000000		111km		1000000		1000000		78.5km		1000000		1000000		1000000		1000000		1000000		1000000		1000000		1000000		1000000		1000000		26.4km		1000000		1000000		1000000		1000000		121km		1000000		1000000		1000000		1000000		1000000		1000000
Feni		1000000		1000000		1000000		1000000		1000000		1000000		1000000		105km		1000000		110km		1000000		66.8km		1000000		1000000		1000000		1000000		1000000		1000000		1000000		1000000		1000000		1000000		1000000		1000000		1000000		1000000		121km		1000000		1000000		1000000		1000000		62.8km		1000000		1000000		1000000		1000000		1000000		1000000		1000000		1000000		1000000		1000000		1000000		1000000		1000000		1000000		1000000		43.3km		1000000		1000000		1000000		1000000		1000000		1000000		1000000		1000000		1000000		1000000		1000000		1000000		1000000		1000000		1000000		1000000
Gaibandha	1000000		1000000		1000000		1000000		1000000		71km		1000000		1000000		1000000		1000000		1000000		1000000		1000000		1000000		115km		1000000		1000000		1000000		1000000		1000000		1000000		1000000		1000000		1000000		1000000		59.6km		1000000		1000000		1000000		103km		1000000		1000000		1000000		1000000		1000000		1000000		1000000		1000000		1000000		1000000		1000000		1000000		1000000		1000000		1000000		1000000		1000000		1000000		1000000		1000000		1000000		1000000		1000000		1000000		1000000		61.7km		1000000		1000000		1000000		1000000		1000000		1000000		1000000		1000000
Gazipur		1000000		1000000		1000000		1000000		1000000		1000000		1000000		1000000		1000000		1000000		1000000		1000000		1000000		39.3km		1000000		1000000		1000000		1000000		1000000		1000000		1000000		1000000		1000000		1000000		1000000		1000000		1000000		1000000		63.3km		1000000		1000000		1000000		1000000		1000000		1000000		76.1km		1000000		1000000		100km		77.2km		1000000		1000000		61.9km		43.6km		1000000		1000000		1000000		1000000		1000000		1000000		1000000		1000000		1000000		1000000		1000000		1000000		1000000		1000000		1000000		137km		1000000		1000000		92.7km		1000000
Gopalganj	67.4km		1000000		1000000		78.9km		1000000		1000000		1000000		1000000		1000000		1000000		1000000		1000000		1000000		1000000		1000000		97km		1000000		1000000		1000000		1000000		1000000		1000000		97.3km		1000000		150km		1000000		1000000		110km		1000000		1000000		1000000		1000000		1000000		58.2km		103km		141km		1000000		1000000		106km		1000000		1000000		51km		1000000		1000000		1000000		1000000		1000000		1000000		1000000		1000000		1000000		67.7km		113km		1000000		1000000		1000000		177km		86.4km		1000000		1000000		1000000		1000000		1000000		1000000
Habiganj	1000000		1000000		1000000		1000000		1000000		1000000		87.1km		1000000		1000000		1000000		1000000		1000000		1000000		1000000		1000000		1000000		1000000		1000000		1000000		1000000		1000000		1000000		1000000		1000000		1000000		1000000		1000000		1000000		145km		1000000		1000000		1000000		1000000		1000000		1000000		1000000		1000000		57.1km		1000000		1000000		1000000		1000000		1000000		120km		1000000		205km		1000000		1000000		1000000		1000000		1000000		1000000		1000000		1000000		1000000		1000000		1000000		1000000		1000000		1000000		86.6km		72.9km		1000000		1000000
Jamalpur	1000000		1000000		1000000		1000000		1000000		180km		1000000		1000000		1000000		1000000		1000000		1000000		1000000		1000000		1000000		1000000		1000000		1000000		1000000		1000000		1000000		1000000		1000000		1000000		1000000		1000000		1000000		1000000		1000000		1000000		1000000		1000000		1000000		1000000		1000000		1000000		1000000		1000000		1000000		89.9km		1000000		1000000		1000000		1000000		1000000		1000000		1000000		1000000		1000000		1000000		1000000		1000000		1000000		1000000		1000000		1000000		1000000		1000000		62.6km		138km		1000000		1000000		95.6km		1000000
Jessore		104km		1000000		1000000		1000000		1000000		1000000		1000000		1000000		1000000		1000000		1000000		1000000		1000000		1000000		1000000		70.8km		1000000		1000000		1000000		97.3km		1000000		1000000		1000000		1000000		46.7km		1000000		1000000		70.1km		1000000		1000000		1000000		1000000		1000000		1000000		42.1km		1000000		1000000		1000000		1000000		1000000		1000000		44km		1000000		1000000		1000000		1000000		1000000		1000000		1000000		1000000		1000000		1000000		84.3km		1000000		1000000		1000000		122km		1000000		1000000		1000000		1000000		1000000		1000000		1000000
Jhalokati	1000000		1000000		74.7km		35.5km		142km		1000000		1000000		1000000		1000000		1000000		1000000		1000000		1000000		1000000		1000000		1000000		1000000		1000000		1000000		1000000		1000000		1000000		1000000		1000000		1000000		1000000		1000000		1000000		1000000		1000000		1000000		1000000		1000000		108km		1000000		1000000		1000000		1000000		1000000		1000000		1000000		1000000		1000000		1000000		1000000		1000000		1000000		1000000		1000000		1000000		110km		25.6km		1000000		1000000		1000000		1000000		1000000		1000000		1000000		1000000		1000000		1000000		1000000		1000000
Jhenaidah	1000000		1000000		1000000		1000000		1000000		1000000		1000000		1000000		1000000		1000000		41.9km		1000000		1000000		1000000		1000000		53.3km		1000000		1000000		1000000		150km		1000000		1000000		46.7km		1000000		1000000		1000000		1000000		1000000		1000000		1000000		44.6km		1000000		1000000		1000000		35.8km		123km		1000000		1000000		1000000		1000000		1000000		1000000		1000000		1000000		1000000		1000000		1000000		1000000		1000000		1000000		1000000		1000000		66.9km		1000000		1000000		1000000		1000000		1000000		1000000		1000000		1000000		1000000		1000000		1000000
Joypurhat	1000000		1000000		1000000		1000000		1000000		55.2km		1000000		1000000		113km		1000000		1000000		1000000		1000000		1000000		97.5km		1000000		1000000		59.6km		1000000		1000000		1000000		1000000		1000000		1000000		1000000		1000000		1000000		1000000		1000000		1000000		1000000		1000000		1000000		1000000		1000000		1000000		1000000		1000000		1000000		1000000		48.8km		1000000		1000000		1000000		1000000		1000000		1000000		1000000		1000000		1000000		1000000		1000000		1000000		1000000		1000000		94.2km		1000000		1000000		1000000		1000000		1000000		1000000		1000000		1000000
Khagrachhari	1000000		1000000		1000000		1000000		1000000		1000000		1000000		1000000		1000000		94.7km		1000000		1000000		1000000		1000000		1000000		1000000		121km		1000000		1000000		1000000		1000000		1000000		1000000		1000000		1000000		1000000		1000000		1000000		1000000		1000000		1000000		1000000		1000000		1000000		1000000		1000000		1000000		1000000		1000000		1000000		1000000		1000000		1000000		1000000		1000000		1000000		1000000		1000000		1000000		1000000		1000000		1000000		1000000		1000000		75.3km		1000000		1000000		1000000		1000000		1000000		1000000		1000000		1000000		1000000
Khulna		79km		1000000		1000000		1000000		1000000		1000000		1000000		1000000		1000000		1000000		1000000		1000000		1000000		1000000		1000000		1000000		1000000		1000000		1000000		110km		1000000		1000000		70.1km		1000000		1000000		1000000		1000000		1000000		1000000		1000000		1000000		1000000		1000000		1000000		1000000		1000000		1000000		1000000		1000000		1000000		1000000		81.1km		1000000		1000000		1000000		1000000		1000000		1000000		1000000		1000000		1000000		1000000		1000000		1000000		1000000		1000000		104km		1000000		1000000		1000000		1000000		1000000		1000000		1000000
Kishoreganj	1000000		1000000		1000000		1000000		1000000		1000000		81.6km		1000000		1000000		1000000		1000000		180km		1000000		116km		1000000		1000000		1000000		1000000		63.3km		1000000		145km		1000000		1000000		1000000		1000000		1000000		1000000		1000000		1000000		1000000		1000000		1000000		1000000		1000000		1000000		1000000		1000000		155km		1000000		70.1km		1000000		1000000		102km		45.7km		1000000		62.9km		1000000		1000000		1000000		1000000		1000000		1000000		1000000		1000000		1000000		1000000		1000000		1000000		1000000		1000000		238km		1000000		94.9km		1000000
Kurigram	1000000		1000000		1000000		1000000		1000000		1000000		1000000		1000000		1000000		1000000		1000000		1000000		1000000		1000000		1000000		1000000		1000000		103km		1000000		1000000		1000000		1000000		1000000		1000000		1000000		1000000		1000000		1000000		1000000		1000000		1000000		1000000		51.3km		1000000		1000000		1000000		1000000		1000000		1000000		1000000		1000000		1000000		1000000		1000000		1000000		1000000		1000000		1000000		1000000		1000000		1000000		1000000		1000000		1000000		1000000		43.3km		1000000		1000000		1000000		1000000		1000000		1000000		1000000		1000000
Kushtia		1000000		1000000		1000000		1000000		1000000		1000000		1000000		1000000		1000000		1000000		50.9km		1000000		1000000		1000000		1000000		1000000		1000000		1000000		1000000		1000000		1000000		1000000		1000000		1000000		44.6km		1000000		1000000		1000000		1000000		1000000		1000000		1000000		1000000		1000000		1000000		1000000		57.9km		1000000		1000000		1000000		1000000		1000000		1000000		1000000		78.6km		1000000		1000000		1000000		89.4km		1000000		1000000		1000000		59.8km		1000000		1000000		1000000		1000000		1000000		1000000		126km		1000000		1000000		1000000		1000000
Lakshmipur	1000000		1000000		1000000		86.7km		117km		1000000		1000000		36.9km		1000000		1000000		1000000		1000000		1000000		1000000		1000000		1000000		62.8km		1000000		1000000		1000000		1000000		1000000		1000000		1000000		1000000		1000000		1000000		1000000		1000000		1000000		1000000		1000000		1000000		1000000		1000000		1000000		1000000		1000000		1000000		1000000		1000000		1000000		1000000		1000000		1000000		1000000		1000000		38.5km		1000000		1000000		1000000		1000000		1000000		1000000		1000000		1000000		1000000		75.9km		1000000		1000000		1000000		1000000		1000000		1000000
Lalmonirhat	1000000		1000000		1000000		1000000		1000000		1000000		1000000		1000000		1000000		1000000		1000000		1000000		1000000		1000000		1000000		1000000		1000000		1000000		1000000		1000000		1000000		1000000		1000000		1000000		1000000		1000000		1000000		1000000		1000000		51.3km		1000000		1000000		1000000		1000000		1000000		1000000		1000000		1000000		1000000		1000000		1000000		1000000		1000000		1000000		1000000		1000000		59.9km		1000000		1000000		109km		1000000		1000000		1000000		1000000		1000000		36.5km		1000000		1000000		1000000		1000000		1000000		1000000		1000000		1000000
Madaripur	1000000		1000000		1000000		75.7km		1000000		1000000		1000000		1000000		1000000		1000000		1000000		1000000		1000000		1000000		1000000		100km		1000000		1000000		1000000		58.2km		1000000		1000000		1000000		108km		1000000		1000000		1000000		1000000		1000000		1000000		1000000		1000000		1000000		1000000		1000000		1000000		1000000		1000000		60.1km		1000000		1000000		108km		94.3km		1000000		1000000		1000000		1000000		1000000		1000000		1000000		1000000		1000000		112km		1000000		1000000		1000000		1000000		44.2km		1000000		1000000		1000000		1000000		1000000		1000000
Magura		1000000		1000000		1000000		1000000		1000000		1000000		1000000		1000000		1000000		1000000		1000000		1000000		1000000		1000000		1000000		32.3km		1000000		1000000		1000000		103km		1000000		1000000		42.1km		1000000		35.8km		1000000		1000000		1000000		1000000		1000000		1000000		1000000		1000000		1000000		1000000		1000000		1000000		1000000		1000000		1000000		1000000		51.4km		1000000		1000000		1000000		1000000		1000000		1000000		1000000		1000000		1000000		1000000		45.9km		1000000		1000000		1000000		1000000		1000000		1000000		1000000		1000000		1000000		1000000		1000000
Manikganj	1000000		1000000		1000000		1000000		1000000		1000000		1000000		1000000		1000000		1000000		1000000		1000000		1000000		51.2km		1000000		84km		1000000		1000000		76.1km		141km		1000000		1000000		1000000		1000000		123km		1000000		1000000		1000000		1000000		1000000		1000000		1000000		1000000		1000000		1000000		1000000		1000000		1000000		1000000		1000000		1000000		1000000		1000000		1000000		1000000		1000000		1000000		1000000		98.4km		1000000		1000000		1000000		65.3km		1000000		1000000		1000000		1000000		1000000		1000000		103km		1000000		1000000		83.5km		1000000
Meherpur	1000000		1000000		1000000		1000000		1000000		1000000		1000000		1000000		1000000		1000000		32.5km		1000000		1000000		1000000		1000000		1000000		1000000		1000000		1000000		1000000		1000000		1000000		1000000		1000000		1000000		1000000		1000000		1000000		1000000		1000000		57.9km		1000000		1000000		1000000		1000000		1000000		1000000		1000000		1000000		1000000		1000000		1000000		1000000		1000000		1000000		1000000		1000000		1000000		1000000		1000000		1000000		1000000		1000000		1000000		1000000		1000000		1000000		1000000		1000000		1000000		1000000		1000000		1000000		1000000
Moulvibazar	1000000		1000000		1000000		1000000		1000000		1000000		96.3km		1000000		1000000		1000000		1000000		1000000		1000000		1000000		1000000		1000000		1000000		1000000		1000000		1000000		57.1km		1000000		1000000		1000000		1000000		1000000		1000000		1000000		155kms		1000000		1000000		1000000		1000000		1000000		1000000		1000000		1000000		1000000		1000000		1000000		1000000		1000000		1000000		1000000		1000000		1000000		1000000		1000000		1000000		1000000		1000000		1000000		1000000		1000000		1000000		1000000		1000000		1000000		1000000		1000000		1000000		82.6km		1000000		1000000	
Munshiganj	1000000		1000000		1000000		1000000		1000000		1000000		1000000		1000000		1000000		1000000		1000000		1000000		1000000		58.8km		1000000		111km		1000000		1000000		100km		106km		1000000		1000000		1000000		1000000		1000000		1000000		1000000		1000000		1000000		1000000		1000000		1000000		1000000		60.1km		1000000		1000000		1000000		1000000		1000000		1000000		1000000		1000000		45km		1000000		1000000		1000000		1000000		1000000		1000000		1000000		1000000		1000000		1000000		1000000		1000000		1000000		1000000		69.8km		1000000		1000000		1000000		1000000		1000000		1000000
Mymensingh	1000000		1000000		1000000		1000000		1000000		1000000		1000000		1000000		1000000		1000000		1000000		1000000		1000000		1000000		1000000		1000000		1000000		1000000		77.2km		1000000		1000000		89.9km		1000000		1000000		1000000		1000000		1000000		1000000		70.1km		1000000		1000000		1000000		1000000		1000000		1000000		1000000		1000000		1000000		1000000		1000000		1000000		1000000		1000000		1000000		1000000		59.3km		1000000		1000000		1000000		1000000		1000000		1000000		1000000		1000000		1000000		1000000		1000000		1000000		64.6km		1000000		1000000		1000000		76.6km		1000000
Naogaon		1000000		1000000		1000000		1000000		1000000		69.1km		1000000		1000000		76.1km		1000000		1000000		1000000		1000000		1000000		1000000		1000000		1000000		1000000		1000000		1000000		1000000		1000000		1000000		1000000		1000000		48.8km		1000000		1000000		1000000		1000000		1000000		1000000		1000000		1000000		1000000		1000000		1000000		1000000		1000000		1000000		1000000		1000000		1000000		1000000		88.5km		1000000		1000000		1000000		1000000		1000000		1000000		1000000		1000000		77.5km		1000000		1000000		1000000		1000000		1000000		1000000		1000000		1000000		1000000		1000000
Narail		98.5km		1000000		1000000		1000000		1000000		1000000		1000000		1000000		1000000		1000000		1000000		1000000		1000000		1000000		1000000		78.5km		1000000		1000000		1000000		51km		1000000		1000000		44km		1000000		1000000		1000000		1000000		81.1km		1000000		1000000		1000000		1000000		1000000		108km		51.4km		1000000		1000000		1000000		1000000		1000000		1000000		1000000		1000000		1000000		1000000		1000000		1000000		1000000		1000000		1000000		1000000		1000000		1000000		1000000		1000000		1000000		1000000		1000000		1000000		1000000		1000000		1000000		1000000		1000000
Narayanganj	1000000		1000000		1000000		1000000		1000000		1000000		96.3km		78km		1000000		1000000		1000000		80.1km		1000000		34.7km		1000000		1000000		1000000		1000000		61.9km		1000000		1000000		1000000		1000000		1000000		1000000		1000000		1000000		1000000		102km		1000000		1000000		1000000		1000000		94.3km		1000000		1000000		1000000		1000000		45km		1000000		1000000		1000000		1000000		65.9km		1000000		1000000		1000000		1000000		1000000		1000000		1000000		1000000		1000000		1000000		1000000		1000000		1000000		1000000		1000000		1000000		1000000		1000000		124km		1000000
Narsingdi	1000000		1000000		1000000		1000000		1000000		1000000		56.3km		1000000		1000000		1000000		1000000		1000000		1000000		84.1km		1000000		1000000		1000000		1000000		43.6km		1000000		120km		1000000		1000000		1000000		1000000		1000000		1000000		1000000		45.7km		1000000		1000000		1000000		1000000		1000000		1000000		1000000		1000000		1000000		1000000		1000000		1000000		1000000		65.9km		1000000		1000000		1000000		1000000		1000000		1000000		1000000		1000000		1000000		1000000		1000000		1000000		1000000		1000000		1000000		1000000		1000000		1000000		1000000		1000000		1000000
Natore		1000000		1000000		1000000		1000000		1000000		70.4km		1000000		1000000		1000000		1000000		1000000		1000000		1000000		1000000		1000000		1000000		1000000		1000000		1000000		1000000		1000000		1000000		1000000		1000000		1000000		1000000		1000000		1000000		1000000		1000000		78.6km		1000000		1000000		1000000		1000000		1000000		1000000		1000000		1000000		1000000		88.5km		1000000		1000000		1000000		1000000		1000000		1000000		1000000		69.5km		1000000		1000000		1000000		1000000		45.9km		1000000		1000000		1000000		1000000		1000000		79.8km		1000000		1000000		1000000		1000000
Netrokona	1000000		1000000		1000000		1000000		1000000		1000000		1000000		1000000		1000000		1000000		1000000		1000000		1000000		1000000		1000000		1000000		1000000		1000000		1000000		1000000		205km		1000000		1000000		1000000		1000000		1000000		1000000		1000000		62.9km		1000000		1000000		1000000		1000000		1000000		1000000		1000000		1000000		1000000		1000000		59.3km		1000000		1000000		1000000		1000000		1000000		1000000		1000000		1000000		1000000		1000000		1000000		1000000		1000000		1000000		1000000		1000000		1000000		1000000		1000000		1000000		96.8km		1000000		1000000		1000000
Nilphamari	1000000		1000000		1000000		1000000		1000000		1000000		1000000		1000000		1000000		1000000		1000000		1000000		1000000		1000000		58.5km		1000000		1000000		1000000		1000000		1000000		1000000		1000000		1000000		1000000		1000000		1000000		1000000		1000000		1000000		1000000		1000000		1000000		59.9km		1000000		1000000		1000000		1000000		1000000		1000000		1000000		1000000		1000000		1000000		1000000		1000000		1000000		1000000		1000000		1000000		68km		1000000		1000000		1000000		1000000		1000000		36.8km		1000000		1000000		1000000		1000000		1000000		1000000		1000000		69.2km
Noakhali	1000000		1000000		1000000		1000000		1000000		1000000		1000000		64.6km		1000000		1000000		1000000		99.8km		1000000		1000000		1000000		1000000		43.3km		1000000		1000000		1000000		1000000		1000000		1000000		1000000		1000000		1000000		1000000		1000000		1000000		1000000		1000000		38.5km		1000000		1000000		1000000		1000000		1000000		1000000		1000000		1000000		1000000		1000000		1000000		1000000		1000000		1000000		1000000		1000000		1000000		1000000		1000000		1000000		1000000		1000000		1000000		1000000		1000000		1000000		1000000		1000000		1000000		1000000		1000000		1000000
Pabna		1000000		1000000		1000000		1000000		1000000		1000000		1000000		1000000		1000000		1000000		1000000		1000000		1000000		1000000		1000000		1000000		1000000		1000000		1000000		1000000		1000000		1000000		1000000		1000000		1000000		1000000		1000000		1000000		1000000		1000000		89.4km		1000000		1000000		1000000		1000000		98.4km		1000000		1000000		1000000		1000000		1000000		1000000		1000000		1000000		69.5km		1000000		1000000		1000000		1000000		1000000		1000000		1000000		107km		1000000		1000000		1000000		1000000		1000000		1000000		40.7km		1000000		1000000		1000000		1000000	
Panchagarh	1000000		1000000		1000000		1000000		1000000		1000000		1000000		1000000		1000000		1000000		1000000		1000000		1000000		1000000		90.8km		1000000		1000000		1000000		1000000		1000000		1000000		1000000		1000000		1000000		1000000		1000000		1000000		1000000		1000000		1000000		1000000		1000000		109km		1000000		1000000		1000000		1000000		1000000		1000000		1000000		1000000		1000000		1000000		1000000		1000000		1000000		68km		1000000		1000000		1000000		1000000		1000000		1000000		1000000		1000000		1000000		1000000		1000000		1000000		1000000		1000000		1000000		1000000		39.7km
Patuakhali	1000000		1000000		54km		81.8km		68.7km		1000000		1000000		1000000		1000000		1000000		1000000		1000000		1000000		1000000		1000000		1000000		1000000		1000000		1000000		1000000		1000000		1000000		1000000		110km		1000000		1000000		1000000		1000000		1000000		1000000		1000000		1000000		1000000		1000000		1000000		1000000		1000000		1000000		1000000		1000000		1000000		1000000		1000000		1000000		1000000		1000000		1000000		1000000		1000000		1000000		1000000		1000000		1000000		1000000		1000000		1000000		1000000		1000000		1000000		1000000		1000000		1000000		1000000		1000000
Pirojpur	26km		1000000		81.1km		52km		1000000		1000000		1000000		1000000		1000000		1000000		1000000		1000000		1000000		1000000		1000000		1000000		1000000		1000000		1000000		67.7km		1000000		1000000		1000000		25.6km		1000000		1000000		1000000		1000000		1000000		1000000		1000000		1000000		1000000		1000000		1000000		1000000		1000000		1000000		1000000		1000000		1000000		1000000		1000000		1000000		1000000		1000000		1000000		1000000		1000000		1000000		1000000		1000000		1000000		1000000		1000000		1000000		1000000		1000000		1000000		1000000		1000000		1000000		1000000		1000000	
Rajbari		1000000		1000000		1000000		1000000		1000000		1000000		1000000		1000000		1000000		1000000		1000000		1000000		1000000		1000000		1000000		26.4km		1000000		1000000		1000000		113km		1000000		1000000		84.3km		1000000		66.9km		1000000		1000000		1000000		1000000		1000000		59.8km		1000000		1000000		112km		45.9km		65.3km		1000000		1000000		1000000		1000000		1000000		1000000		1000000		1000000		1000000		1000000		1000000		1000000		107km		1000000		1000000		1000000		1000000		1000000		1000000		1000000		1000000		1000000		1000000		1000000		1000000		1000000		1000000		1000000	
Rajshahi	1000000		1000000		1000000		1000000		1000000		1000000		1000000		1000000		68.3km		1000000		1000000		1000000		1000000		1000000		1000000		1000000		1000000		1000000		1000000		1000000		1000000		1000000		1000000		1000000		1000000		1000000		1000000		1000000		1000000		1000000		1000000		1000000		1000000		1000000		1000000		1000000		1000000		1000000		1000000		1000000		77.5km		1000000		1000000		1000000		45.9km		1000000		1000000		1000000		1000000		1000000		1000000		1000000		1000000		1000000		1000000		1000000		1000000		1000000		1000000		1000000		1000000		1000000		1000000		1000000
Rangamati	1000000		137km		1000000		1000000		1000000		1000000		1000000		1000000		1000000		55km		1000000		1000000		1000000		1000000		1000000		1000000		1000000		1000000		1000000		1000000		1000000		1000000		1000000		1000000		1000000		1000000		75.3km		1000000		1000000		1000000		1000000		1000000		1000000		1000000		1000000		1000000		1000000		1000000		1000000		1000000		1000000		1000000		1000000		1000000		1000000		1000000		1000000		1000000		1000000		1000000		1000000		1000000		1000000		1000000		1000000		1000000		1000000		1000000		1000000		1000000		1000000		1000000		1000000		1000000
Rangpur		1000000		1000000		1000000		1000000		1000000		1000000		1000000		1000000		1000000		1000000		1000000		1000000		1000000		1000000		83.7km		1000000		1000000		61.7km		1000000		1000000		1000000		1000000		1000000		1000000		1000000		94.2km		1000000		1000000		1000000		43.3km		1000000		1000000		36.5km		1000000		1000000		1000000		1000000		1000000		1000000		1000000		1000000		1000000		1000000		1000000		1000000		1000000		36.8km		1000000		1000000		1000000		1000000		1000000		1000000		1000000		1000000		1000000		1000000		1000000		1000000		1000000		1000000		1000000		1000000		1000000
Satkhira	88km		1000000		1000000		1000000		1000000		1000000		1000000		1000000		1000000		1000000		1000000		1000000		1000000		1000000		1000000		1000000		1000000		1000000		1000000		177km		1000000		1000000		122km		1000000		1000000		1000000		1000000		104km		1000000		1000000		1000000		1000000		1000000		1000000		1000000		1000000		1000000		1000000		1000000		1000000		1000000		1000000		1000000		1000000		1000000		1000000		1000000		1000000		1000000		1000000		1000000		1000000		1000000		1000000		1000000		1000000		1000000		1000000		1000000		1000000		1000000		1000000		1000000		1000000
Shariatpur	1000000		1000000		1000000		102km		1000000		1000000		1000000		74.6km		1000000		1000000		1000000		1000000		1000000		1000000		1000000		121km		1000000		1000000		1000000		86.4km		1000000		1000000		1000000		1000000		1000000		1000000		1000000		1000000		1000000		1000000		1000000		75.9km		1000000		44.2km		1000000		1000000		1000000		1000000		69.8km		1000000		1000000		1000000		1000000		1000000		1000000		1000000		1000000		1000000		1000000		1000000		1000000		1000000		1000000		1000000		1000000		1000000		1000000		1000000		1000000		1000000		1000000		1000000		1000000		1000000	
Sherpur		1000000		1000000		1000000		1000000		1000000		1000000		1000000		1000000		1000000		1000000		1000000		1000000		1000000		1000000		1000000		1000000		1000000		1000000		1000000		1000000		1000000		62.6km		1000000		1000000		1000000		1000000		1000000		1000000		1000000		1000000		1000000		1000000		1000000		1000000		1000000		1000000		1000000		1000000		1000000		64.6km		1000000		1000000		1000000		1000000		1000000		1000000		1000000		1000000		1000000		1000000		1000000		1000000		1000000		1000000		1000000		1000000		1000000		1000000		1000000		141km		1000000		1000000		98.1km		1000000
Sirajganj	1000000		1000000		1000000		1000000		1000000		68.4km		1000000		1000000		1000000		1000000		1000000		1000000		1000000		1000000		1000000		1000000		1000000		1000000		137km		1000000		1000000		138km		1000000		1000000		1000000		1000000		1000000		1000000		1000000		1000000		126km		1000000		1000000		1000000		1000000		103km		1000000		1000000		1000000		1000000		1000000		1000000		1000000		1000000		79.8km		1000000		1000000		1000000		40.7km		1000000		1000000		1000000		1000000		1000000		1000000		1000000		1000000		1000000		141km		1000000		1000000		1000000		63.2km		1000000
Sunamganj	1000000		1000000		1000000		1000000		1000000		1000000		1000000		1000000		1000000		1000000		1000000		1000000		1000000		1000000		1000000		1000000		1000000		1000000		1000000		1000000		86.6km		1000000		1000000		1000000		1000000		1000000		1000000		1000000		238km		1000000		1000000		1000000		1000000		1000000		1000000		1000000		1000000		1000000		1000000		1000000		1000000		1000000		1000000		1000000		1000000		96.8km		1000000		1000000		1000000		1000000		1000000		1000000		1000000		1000000		1000000		1000000		1000000		1000000		1000000		1000000		1000000		67.1km		1000000		1000000
Sylhet		1000000		1000000		1000000		1000000		1000000		1000000		1000000		1000000		1000000		1000000		1000000		1000000		1000000		1000000		1000000		1000000		1000000		1000000		1000000		1000000		72.9km		1000000		1000000		1000000		1000000		1000000		1000000		1000000		1000000		1000000		1000000		1000000		1000000		1000000		1000000		1000000		1000000		82.6km		1000000		1000000		1000000		1000000		1000000		1000000		1000000		1000000		1000000		1000000		1000000		1000000		1000000		1000000		1000000		1000000		1000000		1000000		1000000		1000000		1000000		1000000		67.1km		1000000		1000000		1000000
Tangail		1000000		1000000		1000000		1000000		1000000		1000000		1000000		1000000		1000000		1000000		1000000		1000000		1000000		99.5km		1000000		1000000		1000000		1000000		92.7km		1000000		1000000		95.6km		1000000		1000000		1000000		1000000		1000000		1000000		94.9km		1000000		1000000		1000000		1000000		1000000		1000000		83.5km		1000000		1000000		1000000		76.6km		1000000		1000000		124km		1000000		1000000		1000000		1000000		1000000		1000000		1000000		1000000		1000000		1000000		1000000		1000000		1000000		1000000		1000000		98.1km		63.2km		1000000		1000000		1000000		1000000
Thakurgaon	1000000		1000000		1000000		1000000		1000000		1000000		1000000		1000000		1000000		1000000		1000000		1000000		1000000		1000000		60.5km		1000000		1000000		1000000		1000000		1000000		1000000		1000000		1000000		1000000		1000000		1000000		1000000		1000000		1000000		1000000		1000000		1000000		1000000		1000000		1000000		1000000		1000000		1000000		1000000		1000000		1000000		1000000		1000000		1000000		1000000		1000000		69.2km		1000000		1000000		39.7km		1000000		1000000		1000000		1000000		1000000		1000000		1000000		1000000		1000000		1000000		1000000		1000000		1000000		1000000