		Bagerhat 	Bandarban	Barguna	   	Barisal	 	Bhola	        Bogra		Brahmanbaria	Chandpur	Chapainawabganj	Chittagong	Chuadanga	Comilla		Cox's Bazar	Dhaka		Dinajpur	Faridpur	Feni 		Gaibandha	Gazipur	 	Gopalganj	Habiganj	Jamalpur	Jessore	 	Jhalokati 	Jhenaidah 	Joypurhat	Khagrachhari 	Khulna 		Kishoreganj 	Kurigram 	Kushtia 	Lakshmipur 	Lalmonirhat 	Madaripur 	Magura 		Manikganj 	Meherpur 	Moulvibazar	Munshiganj 	Mymensingh	Naogaon	 	Narail		Narayanganj 	Narsingdi 	Natore		Netrokona 	Nilphamari 	Noakhali 	Pabna 		Panchagarh 	Patuakhali 	Pirojpur 	Rajbari 	Rajshahi 	Rangamati 	Rangpur 	Satkhira	Shariatpur	Sherpur	 	Sirajganj	Sunamganj 	Sylhet 		Tangail	 	Thakurgaon

Bagerhat 	1000000		1000000		1000000		1000000		1000000		1000000		1000000		1000000		1000000		1000000		1000000		1000000		1000000		1000000		1000000		1000000		1000000		1000000		1000000		1000000		1000000		1000000		1000000		1000000		1000000		1000000		1000000		1000000		1000000		1000000		1000000		1000000		1000000 		1000000		1000000		1000000		1000000		1000000		1000000		1000000		1000000		1000000		1000000		1000000		1000000		1000000		1000000		1000000		1000000		1000000		1000000		1000000		1000000		1000000		1000000		1000000		1000000		1000000		1000000		1000000		1000000		1000000		1000000		1000000
Bandarban	1000000		1000000		1000000		1000000		1000000		1000000		1000000		1000000		1000000		1000000		1000000		1000000		1000000		1000000		1000000		1000000		1000000		1000000		1000000		1000000		1000000		1000000		1000000		1000000		1000000		1000000		1000000		1000000		1000000		1000000		1000000		1000000		1000000		1000000		1000000		1000000		1000000		1000000		1000000		1000000		1000000		1000000		1000000		1000000		1000000		1000000		1000000		1000000		1000000		1000000		1000000		1000000		1000000		1000000		1000000		1000000		1000000		1000000		1000000		1000000		1000000		1000000		1000000		1000000	
Barguna	 	1000000		1000000		1000000		1000000		1000000		1000000		1000000		1000000		1000000		1000000		1000000		1000000		1000000		1000000		1000000		1000000		1000000		1000000		1000000		1000000		1000000		1000000		1000000		1000000		1000000		1000000		1000000		1000000		1000000		1000000		1000000		1000000		1000000		1000000		1000000		1000000		1000000		1000000		1000000		1000000		1000000		1000000		1000000		1000000		1000000		1000000		1000000		1000000		1000000		1000000		1000000		1000000		1000000		1000000		1000000		1000000		1000000		1000000		1000000		1000000		1000000		1000000		1000000		1000000	
Barisal	 	1000000		1000000		1000000		1000000		1000000		1000000		1000000		1000000		1000000		1000000		1000000		1000000		1000000		1000000		1000000		1000000		1000000		1000000		1000000		1000000		1000000		1000000		1000000		1000000		1000000		1000000		1000000		1000000		1000000		1000000		1000000		1000000		1000000		1000000		1000000		1000000		1000000		1000000		1000000		1000000		1000000		1000000		1000000		1000000		1000000		1000000		1000000		1000000		1000000		1000000		1000000		1000000		1000000		1000000		1000000		1000000		1000000		1000000		1000000		1000000		1000000		1000000		1000000		1000000
Bhola	 	1000000		1000000		1000000		1000000		1000000		1000000		1000000		1000000		1000000		1000000		1000000		1000000		1000000		1000000		1000000		1000000		1000000		1000000		1000000		1000000		1000000		1000000		1000000		1000000		1000000		1000000		1000000		1000000		1000000		1000000		1000000		1000000		1000000		1000000		1000000		1000000		1000000		1000000		1000000		1000000		1000000		1000000		1000000		1000000		1000000		1000000		1000000		1000000		1000000		1000000		1000000		1000000		1000000		1000000		1000000		1000000		1000000		1000000		1000000		1000000		1000000		1000000		1000000		1000000
Bogra		1000000		1000000		1000000		1000000		1000000		1000000		1000000		1000000		1000000		1000000		1000000		1000000		1000000		295.3		1000000		1000000		1000000		1000000		1000000		1000000		1000000		1000000		1000000		1000000		1000000		1000000		1000000		1000000		1000000		1000000		1000000		1000000		1000000		1000000		1000000		1000000		1000000		1000000		1000000		1000000		1000000		1000000		1000000		1000000		1000000		1000000		1000000		1000000		1000000		1000000		1000000		1000000		1000000		1000000		1000000		1000000		1000000		1000000		1000000		1000000		1000000		1000000		1000000		1000000	
Brahmanbaria	1000000		1000000		1000000		1000000		1000000		1000000		1000000		1000000		1000000		1000000		1000000		1000000		1000000		1000000		1000000		1000000		1000000		1000000		1000000		1000000		1000000		1000000		1000000		1000000		1000000		1000000		1000000		1000000		1000000		1000000		1000000		1000000		1000000		1000000		1000000		1000000		1000000		1000000		1000000		1000000		1000000		1000000		1000000		1000000		1000000		1000000		1000000		1000000		1000000		1000000		1000000		1000000		1000000		1000000		1000000		1000000		1000000		1000000		1000000		1000000		1000000		1000000		1000000		1000000
Chandpur	1000000		1000000		1000000		1000000		1000000		1000000		1000000		1000000		1000000		1000000		1000000		1000000		1000000		1000000		1000000		1000000		1000000		1000000		1000000		1000000		1000000		1000000		1000000		1000000		1000000		1000000		1000000		1000000		1000000		1000000		1000000		1000000		1000000		1000000		1000000		1000000		1000000		1000000		1000000		1000000		1000000		1000000		1000000		1000000		1000000		1000000		1000000		1000000		1000000		1000000		1000000		1000000		1000000		1000000		1000000		1000000		1000000		1000000		1000000		1000000		1000000		1000000		1000000		1000000	
Chapainawabganj	1000000		1000000		1000000		1000000		1000000		1000000		1000000		1000000		1000000		1000000		1000000		1000000		1000000		1000000		1000000		1000000		1000000		1000000		1000000		1000000		1000000		1000000		1000000		1000000		1000000		1000000		1000000		1000000		1000000		1000000		1000000		1000000		1000000		1000000		1000000		1000000		1000000		1000000		1000000		1000000		1000000		1000000		1000000		1000000		1000000		1000000		1000000		1000000		1000000		1000000		1000000		1000000		1000000		1000000		1000000		1000000		1000000		1000000		1000000		1000000		1000000		1000000		1000000		1000000
Chittagong	1000000		1000000		1000000		1000000		1000000		1000000		1000000		1000000		1000000		1000000		1000000		1000000		1000000		1000000		1000000		1000000		1000000		1000000		1000000		1000000		1000000		1000000		1000000		1000000		1000000		1000000		1000000		1000000		1000000		1000000		1000000		1000000		1000000		1000000		1000000		1000000		1000000		1000000		1000000		1000000		1000000		1000000		1000000		1000000		1000000		1000000		1000000		1000000		1000000		1000000		1000000		1000000		1000000		1000000		1000000		1000000		1000000		1000000		1000000		1000000		1000000		1000000		1000000		1000000
Chuadanga	1000000		1000000		1000000		1000000		1000000		1000000		1000000		1000000		1000000		1000000		1000000		1000000		1000000		1000000		1000000		1000000		1000000		1000000		1000000		1000000		1000000		1000000		1000000		1000000		1000000		1000000		1000000		1000000		1000000		1000000		1000000		1000000		1000000		1000000		1000000		1000000		1000000		1000000		1000000		1000000		1000000		1000000		1000000		1000000		1000000		1000000		1000000		1000000		1000000		1000000		1000000		1000000		1000000		1000000		1000000		1000000		1000000		1000000		1000000		1000000		1000000		1000000		1000000		1000000 
Comilla	 	1000000		1000000		1000000		1000000		1000000		1000000		1000000		1000000		1000000		1000000		1000000		1000000		1000000		1000000		1000000		1000000		1000000		1000000		1000000		1000000		1000000		1000000		1000000		1000000		1000000		1000000		1000000		1000000		1000000		1000000		1000000		1000000		1000000		1000000		1000000		1000000		1000000		1000000		1000000		1000000		1000000		1000000		1000000		1000000		1000000		1000000		1000000		1000000		1000000		1000000		1000000		1000000		1000000		1000000		1000000		1000000		1000000		1000000		1000000		1000000		1000000		1000000		1000000		1000000
Cox's Bazar	1000000		1000000		1000000		1000000		1000000		1000000		1000000		1000000		1000000		1000000		1000000		1000000		1000000		1000000		1000000		1000000		1000000		1000000		1000000		1000000		1000000		1000000		1000000		1000000		1000000		1000000		1000000		1000000		1000000		1000000		1000000		1000000		1000000		1000000		1000000		1000000		1000000		1000000		1000000		1000000		1000000		1000000		1000000		1000000		1000000		1000000		1000000		1000000		1000000		1000000		1000000		1000000		1000000		1000000		1000000		1000000		1000000		1000000		1000000		1000000		1000000		1000000		1000000		1000000
Dhaka		1000000		1000000		1000000		1000000		1000000		295.3		1000000		1000000		1000000		1000000		1000000		1000000		1000000		1000000		1000000		1000000		1000000		1000000		29.8		1000000		1000000		168.5		1000000		1000000		1000000		1000000		1000000		1000000		1000000		1000000		1000000		1000000		1000000		1000000		1000000		1000000		1000000		1000000		1000000		118.2		256.5		1000000		14.8		51.3		211.7		156.6		1000000		1000000		172.11		1000000		1000000		1000000		1000000		242.6		1000000		1000000		1000000		1000000		1000000		120.2		1000000		1000000		89.4		1000000
Dinajpur	1000000		1000000		1000000		1000000		1000000		1000000		1000000		1000000		1000000		1000000		1000000		1000000		1000000		1000000		1000000		1000000		1000000		1000000		1000000		1000000		1000000		1000000		1000000		1000000		1000000		1000000		1000000		1000000		1000000		1000000		1000000		1000000		1000000		1000000		1000000		1000000		1000000		1000000		1000000		1000000		1000000		1000000		1000000		1000000		1000000		1000000		1000000		1000000		1000000		1000000		1000000		1000000		1000000		1000000		1000000		1000000		1000000		1000000		1000000		1000000		1000000		1000000		1000000		1000000
Faridpur	1000000		1000000		1000000		1000000		1000000		1000000		1000000		1000000		1000000		1000000		1000000		1000000		1000000		1000000		1000000		1000000		1000000		1000000		1000000		1000000		1000000		1000000		1000000		1000000		1000000		1000000		1000000		1000000		1000000		1000000		1000000		1000000		1000000		1000000		1000000		1000000		1000000		1000000		1000000		1000000		1000000		1000000		1000000		1000000		1000000		1000000		1000000		1000000		1000000		1000000		1000000		1000000		1000000		1000000		1000000		1000000		1000000		1000000		1000000		1000000		1000000		1000000		1000000		1000000
Feni 		1000000		1000000		1000000		1000000		1000000		1000000		1000000		1000000		1000000		1000000		1000000		1000000		1000000		1000000		1000000		1000000		1000000		1000000		1000000		1000000		1000000		1000000		1000000		1000000		1000000		1000000		1000000		1000000		1000000		1000000		1000000		1000000		1000000		1000000		1000000		1000000		1000000		1000000		1000000		1000000		1000000		1000000		1000000		1000000		1000000		1000000		1000000		1000000		1000000		1000000		1000000		1000000		1000000		1000000		1000000		1000000		1000000		1000000		1000000		1000000		1000000		1000000		1000000		1000000
Gaibandha	1000000		1000000		1000000		1000000		1000000		1000000		1000000		1000000		1000000		1000000		1000000		1000000		1000000		1000000		1000000		1000000		1000000		1000000		1000000		1000000		1000000		1000000		1000000		1000000		1000000		1000000		1000000		1000000		1000000		1000000		1000000		1000000		1000000		1000000		1000000		1000000		1000000		1000000		1000000		1000000		1000000		1000000		1000000		1000000		1000000		1000000		1000000		1000000		1000000		1000000		1000000		1000000		1000000		1000000		1000000		1000000		1000000		1000000		1000000		1000000		1000000		1000000		1000000		1000000
Gazipur	 	1000000		1000000		1000000		1000000		1000000		1000000		1000000		1000000		1000000		1000000		1000000		1000000		1000000		29.8		1000000		1000000		1000000		1000000		1000000		1000000		1000000		1000000		1000000		1000000		1000000		1000000		1000000		1000000		1000000		1000000		1000000		1000000		1000000		1000000		1000000		1000000		1000000		1000000		1000000		1000000		1000000		1000000		1000000		1000000		1000000		1000000		1000000		1000000		1000000		1000000		1000000		1000000		1000000		1000000		1000000		1000000		1000000		1000000		1000000		1000000		1000000		1000000		1000000		1000000
Gopalganj	1000000		1000000		1000000		1000000		1000000		1000000		1000000		1000000		1000000		1000000		1000000		1000000		1000000		1000000		1000000		1000000		1000000		1000000		1000000		1000000		1000000		1000000		1000000		1000000		1000000		1000000		1000000		1000000		1000000		1000000		1000000		1000000		1000000		1000000		1000000		1000000		1000000		1000000		1000000		1000000		1000000		1000000		1000000		1000000		1000000		1000000		1000000		1000000		1000000		1000000		1000000		1000000		1000000		1000000		1000000		1000000		1000000		1000000		1000000		1000000		1000000		1000000		1000000		1000000
Habiganj	1000000		1000000		1000000		1000000		1000000		1000000		1000000		1000000		1000000		1000000		1000000		1000000		1000000		1000000		1000000		1000000		1000000		1000000		1000000		1000000		1000000		1000000		1000000		1000000		1000000		1000000		1000000		1000000		1000000		1000000		1000000		1000000		1000000		1000000		1000000		1000000		1000000		1000000		1000000		1000000		1000000		1000000		1000000		1000000		1000000		1000000		1000000		1000000		1000000		1000000		1000000		1000000		1000000		1000000		1000000		1000000		1000000		1000000		1000000		1000000		1000000		1000000		1000000		1000000
Jamalpur	1000000		1000000		1000000		1000000		1000000		1000000		1000000		1000000		1000000		1000000		1000000		1000000		1000000		168.5		1000000		1000000		1000000		1000000		1000000		1000000		1000000		1000000		1000000		1000000		1000000		1000000		1000000		1000000		1000000		1000000		1000000		1000000		1000000		1000000		1000000		1000000		1000000		1000000		1000000		1000000		1000000		1000000		1000000		1000000		1000000		1000000		1000000		1000000		1000000		1000000		1000000		1000000		1000000		1000000		1000000		1000000		1000000		1000000		1000000		1000000		1000000		1000000		1000000		1000000
Jessore	 	1000000		1000000		1000000		1000000		1000000		1000000		1000000		1000000		1000000		1000000		1000000		1000000		1000000		1000000		1000000		1000000		1000000		1000000		1000000		1000000		1000000		1000000		1000000		1000000		1000000		1000000		1000000		1000000		1000000		1000000		1000000		1000000		1000000		1000000		1000000		1000000		1000000		1000000		1000000		1000000		1000000		1000000		1000000		1000000		1000000		1000000		1000000		1000000		1000000		1000000		1000000		1000000		1000000		1000000		1000000		1000000		1000000		1000000		1000000		1000000		1000000		1000000		1000000		1000000
Jhalokati 	1000000		1000000		1000000		1000000		1000000		1000000		1000000		1000000		1000000		1000000		1000000		1000000		1000000		1000000		1000000		1000000		1000000		1000000		1000000		1000000		1000000		1000000		1000000		1000000		1000000		1000000		1000000		1000000		1000000		1000000		1000000		1000000		1000000		1000000		1000000		1000000		1000000		1000000		1000000		1000000		1000000		1000000		1000000		1000000		1000000		1000000		1000000		1000000		1000000		1000000		1000000		1000000		1000000		1000000		1000000		1000000		1000000		1000000		1000000		1000000		1000000		1000000		1000000		1000000
Jhenaidah 	1000000		1000000		1000000		1000000		1000000		1000000		1000000		1000000		1000000		1000000		1000000		1000000		1000000		1000000		1000000		1000000		1000000		1000000		1000000		1000000		1000000		1000000		1000000		1000000		1000000		1000000		1000000		1000000		1000000		1000000		1000000		1000000		1000000		1000000		1000000		1000000		1000000		1000000		1000000		1000000		1000000		1000000		1000000		1000000		1000000		1000000		1000000		1000000		1000000		1000000		1000000		1000000		1000000		1000000		1000000		1000000		1000000		1000000		1000000		1000000		1000000		1000000		1000000		1000000
Joypurhat	1000000		1000000		1000000		1000000		1000000		1000000		1000000		1000000		1000000		1000000		1000000		1000000		1000000		1000000		1000000		1000000		1000000		1000000		1000000		1000000		1000000		1000000		1000000		1000000		1000000		1000000		1000000		1000000		1000000		1000000		1000000		1000000		1000000		1000000		1000000		1000000		1000000		1000000		1000000		1000000		1000000		1000000		1000000		1000000		1000000		1000000		1000000		1000000		1000000		1000000		1000000		1000000		1000000		1000000		1000000		1000000		1000000		1000000		1000000		1000000		1000000		1000000		1000000		1000000
Khagrachhar 	1000000		1000000		1000000		1000000		1000000		1000000		1000000		1000000		1000000		1000000		1000000		1000000		1000000		1000000		1000000		1000000		1000000		1000000		1000000		1000000		1000000		1000000		1000000		1000000		1000000		1000000		1000000		1000000		1000000		1000000		1000000		1000000		1000000		1000000		1000000		1000000		1000000		1000000		1000000		1000000		1000000		1000000		1000000		1000000		1000000		1000000		1000000		1000000		1000000		1000000		1000000		1000000		1000000		1000000		1000000		1000000		1000000		1000000		1000000		1000000		1000000		1000000		1000000		1000000
Khulna 		1000000		1000000		1000000		1000000		1000000		1000000		1000000		1000000		1000000		1000000		1000000		1000000		1000000		1000000		1000000		1000000		1000000		1000000		1000000		1000000		1000000		1000000		1000000		1000000		1000000		1000000		1000000		1000000		1000000		1000000		1000000		1000000		1000000		1000000		1000000		1000000		1000000		1000000		1000000		1000000		1000000		1000000		1000000		1000000		1000000		1000000		1000000		1000000		1000000		1000000		1000000		1000000		1000000		1000000		1000000		1000000		1000000		1000000		1000000		1000000		1000000		1000000		1000000		1000000
Kishoreganj 	1000000		1000000		1000000		1000000		1000000		1000000		1000000		1000000		1000000		1000000		1000000		1000000		1000000		1000000		1000000		1000000		1000000		1000000		1000000		1000000		1000000		1000000		1000000		1000000		1000000		1000000		1000000		1000000		1000000		1000000		1000000		1000000		1000000		1000000		1000000		1000000		1000000		1000000		1000000		1000000		1000000		1000000		1000000		1000000		1000000		1000000		1000000		1000000		1000000		1000000		1000000		1000000		1000000		1000000		1000000		1000000		1000000		1000000		1000000		1000000		1000000		1000000		1000000		1000000
Kurigram 	1000000		1000000		1000000		1000000		1000000		1000000		1000000		1000000		1000000		1000000		1000000		1000000		1000000		1000000		1000000		1000000		1000000		1000000		1000000		1000000		1000000		1000000		1000000		1000000		1000000		1000000		1000000		1000000		1000000		1000000		1000000		1000000		1000000		1000000		1000000		1000000		1000000		1000000		1000000		1000000		1000000		1000000		1000000		1000000		1000000		1000000		1000000		1000000		1000000		1000000		1000000		1000000		1000000		1000000		1000000		1000000		1000000		1000000		1000000		1000000		1000000		1000000		1000000		1000000
Kushtia 	1000000		1000000		1000000		1000000		1000000		1000000		1000000		1000000		1000000		1000000		1000000		1000000		1000000		1000000		1000000		1000000		1000000		1000000		1000000		1000000		1000000		1000000		1000000		1000000		1000000		1000000		1000000		1000000		1000000		1000000		1000000		1000000		1000000		1000000		1000000		1000000		1000000		1000000		1000000		1000000		1000000		1000000		1000000		1000000		1000000		1000000		1000000		1000000		1000000		1000000		1000000		1000000		1000000		1000000		1000000		1000000		1000000		1000000		1000000		1000000		1000000		1000000		1000000		1000000
Lakshmipur 	1000000		1000000		1000000		1000000		1000000		1000000		1000000		1000000		1000000		1000000		1000000		1000000		1000000		1000000		1000000		1000000		1000000		1000000		1000000		1000000		1000000		1000000		1000000		1000000		1000000		1000000		1000000		1000000		1000000		1000000		1000000		1000000		1000000		1000000		1000000		1000000		1000000		1000000		1000000		1000000		1000000		1000000		1000000		1000000		1000000		1000000		1000000		1000000		1000000		1000000		1000000		1000000		1000000		1000000		1000000		1000000		1000000		1000000		1000000		1000000		1000000		1000000		1000000		1000000
Lalmonirhat 	1000000		1000000		1000000		1000000		1000000		1000000		1000000		1000000		1000000		1000000		1000000		1000000		1000000		1000000		1000000		1000000		1000000		1000000		1000000		1000000		1000000		1000000		1000000		1000000		1000000		1000000		1000000		1000000		1000000		1000000		1000000		1000000		1000000		1000000		1000000		1000000		1000000		1000000		1000000		1000000		1000000		1000000		1000000		1000000		1000000		1000000		1000000		1000000		1000000		1000000		1000000		1000000		1000000		1000000		1000000		1000000		1000000		1000000		1000000		1000000		1000000		1000000		1000000		1000000
Madaripur 	1000000		1000000		1000000		1000000		1000000		1000000		1000000		1000000		1000000		1000000		1000000		1000000		1000000		1000000		1000000		1000000		1000000		1000000		1000000		1000000		1000000		1000000		1000000		1000000		1000000		1000000		1000000		1000000		1000000		1000000		1000000		1000000		1000000		1000000		1000000		1000000		1000000		1000000		1000000		1000000		1000000		1000000		1000000		1000000		1000000		1000000		1000000		1000000		1000000		1000000		1000000		1000000		1000000		1000000		1000000		1000000		1000000		1000000		1000000		1000000		1000000		1000000		1000000		1000000
Magura 		1000000		1000000		1000000		1000000		1000000		1000000		1000000		1000000		1000000		1000000		1000000		1000000		1000000		1000000		1000000		1000000		1000000		1000000		1000000		1000000		1000000		1000000		1000000		1000000		1000000		1000000		1000000		1000000		1000000		1000000		1000000		1000000		1000000		1000000		1000000		1000000		1000000		1000000		1000000		1000000		1000000		1000000		1000000		1000000		1000000		1000000		1000000		1000000		1000000		1000000		1000000		1000000		1000000		1000000		1000000		1000000		1000000		1000000		1000000		1000000		1000000		1000000		1000000		1000000
Mankganj 	1000000		1000000		1000000		1000000		1000000		1000000		1000000		1000000		1000000		1000000		1000000		1000000		1000000		1000000		1000000		1000000		1000000		1000000		1000000		1000000		1000000		1000000		1000000		1000000		1000000		1000000		1000000		1000000		1000000		1000000		1000000		1000000		1000000		1000000		1000000		1000000		1000000		1000000		1000000		1000000		1000000		1000000		1000000		1000000		1000000		1000000		1000000		1000000		1000000		1000000		1000000		1000000		1000000		1000000		1000000		1000000		1000000		1000000		1000000		1000000		1000000		1000000		1000000		1000000
Meherpur 	1000000		1000000		1000000		1000000		1000000		1000000		1000000		1000000		1000000		1000000		1000000		1000000		1000000		1000000		1000000		1000000		1000000		1000000		1000000		1000000		1000000		1000000		1000000		1000000		1000000		1000000		1000000		1000000		1000000		1000000		1000000		1000000		1000000		1000000		1000000		1000000		1000000		1000000		1000000		1000000		1000000		1000000		1000000		1000000		1000000		1000000		1000000		1000000		1000000		1000000		1000000		1000000		1000000		1000000		1000000		1000000		1000000		1000000		1000000		1000000		1000000		1000000		1000000		1000000
Moulvibazar	1000000		1000000		1000000		1000000		1000000		1000000		1000000		1000000		1000000		1000000		1000000		1000000		1000000		1000000		1000000		1000000		1000000		1000000		1000000		1000000		1000000		1000000		1000000		1000000		1000000		1000000		1000000		1000000		1000000		1000000		1000000		1000000		1000000		1000000		1000000		1000000		1000000		1000000		1000000		1000000		1000000		1000000		1000000		1000000		1000000		1000000		1000000		1000000		1000000		1000000		1000000		1000000		1000000		1000000		1000000		1000000		1000000		1000000		1000000		1000000		1000000		1000000		1000000		1000000
Munshiganj 	1000000		1000000		1000000		1000000		1000000		1000000		1000000		1000000		1000000		1000000		1000000		1000000		1000000		1000000		1000000		1000000		1000000		1000000		1000000		1000000		1000000		1000000		1000000		1000000		1000000		1000000		1000000		1000000		1000000		1000000		1000000		1000000		1000000		1000000		1000000		1000000		1000000		1000000		1000000		1000000		1000000		1000000		1000000		1000000		1000000		1000000		1000000		1000000		1000000		1000000		1000000		1000000		1000000		1000000		1000000		1000000		1000000		1000000		1000000		1000000		1000000		1000000		1000000		1000000
Mymensingh	1000000		1000000		1000000		1000000		1000000		1000000		1000000		1000000		1000000		1000000		1000000		1000000		1000000		118.2		1000000		1000000		1000000		1000000		1000000		1000000		1000000		1000000		1000000		1000000		1000000		1000000		1000000		1000000		1000000		1000000		1000000		1000000		1000000		1000000		1000000		1000000		1000000		1000000		1000000		1000000		1000000		1000000		1000000		1000000		1000000		1000000		1000000		1000000		1000000		1000000		1000000		1000000		1000000		1000000		1000000		1000000		1000000		1000000		1000000		1000000		1000000		1000000		1000000		1000000
Naogaon	 	1000000		1000000		1000000		1000000		1000000		1000000		1000000		1000000		1000000		1000000		1000000		1000000		1000000		256.5		1000000		1000000		1000000		1000000		1000000		1000000		1000000		1000000		1000000		1000000		1000000		1000000		1000000		1000000		1000000		1000000		1000000		1000000		1000000		1000000		1000000		1000000		1000000		1000000		1000000		1000000		1000000		1000000		1000000		1000000		1000000		1000000		1000000		1000000		1000000		1000000		1000000		1000000		1000000		1000000		1000000		1000000		1000000		1000000		1000000		1000000		1000000		1000000		1000000		1000000
Narail 		1000000		1000000		1000000		1000000		1000000		1000000		1000000		1000000		1000000		1000000		1000000		1000000		1000000		1000000		1000000		1000000		1000000		1000000		1000000		1000000		1000000		1000000		1000000		1000000		1000000		1000000		1000000		1000000		1000000		1000000		1000000		1000000		1000000		1000000		1000000		1000000		1000000		1000000		1000000		1000000		1000000		1000000		1000000		1000000		1000000		1000000		1000000		1000000		1000000		1000000		1000000		1000000		1000000		1000000		1000000		1000000		1000000		1000000		1000000		1000000		1000000		1000000		1000000		1000000
Narayanganj 	1000000		1000000		1000000		1000000		1000000		1000000		1000000		1000000		1000000		1000000		1000000		1000000		1000000		14.8		1000000		1000000		1000000		1000000		1000000		1000000		1000000		1000000		1000000		1000000		1000000		1000000		1000000		1000000		1000000		1000000		1000000		1000000		1000000		1000000		1000000		1000000		1000000		1000000		1000000		1000000		1000000		1000000		1000000		1000000		1000000		1000000		1000000		1000000		1000000		1000000		1000000		1000000		1000000		1000000		1000000		1000000		1000000		1000000		1000000		1000000		1000000		1000000		1000000		1000000
Narsingdi 	1000000		1000000		1000000		1000000		1000000		1000000		1000000		1000000		1000000		1000000		1000000		1000000		1000000		51.3		1000000		1000000		1000000		1000000		1000000		1000000		1000000		1000000		1000000		1000000		1000000		1000000		1000000		1000000		1000000		1000000		1000000		1000000		1000000		1000000		1000000		1000000		1000000		1000000		1000000		1000000		1000000		1000000		1000000		1000000		1000000		1000000		1000000		1000000		1000000		1000000		1000000		1000000		1000000		1000000		1000000		1000000		1000000		1000000		1000000		1000000		1000000		1000000		1000000		1000000
Natore		1000000		1000000		1000000		1000000		1000000		1000000		1000000		1000000		1000000		1000000		1000000		1000000		1000000		211.7		1000000		1000000		1000000		1000000		1000000		1000000		1000000		1000000		1000000		1000000		1000000		1000000		1000000		1000000		1000000		1000000		1000000		1000000		1000000		1000000		1000000		1000000		1000000		1000000		1000000		1000000		1000000		1000000		1000000		1000000		1000000		1000000		1000000		1000000		1000000		1000000		1000000		1000000		1000000		1000000		1000000		1000000		1000000		1000000		1000000		1000000		1000000		1000000		1000000		1000000
Netrokona 	1000000		1000000		1000000		1000000		1000000		1000000		1000000		1000000		1000000		1000000		1000000		1000000		1000000		156.6		1000000		1000000		1000000		1000000		1000000		1000000		1000000		1000000		1000000		1000000		1000000		1000000		1000000		1000000		1000000		1000000		1000000		1000000		1000000		1000000		1000000		1000000		1000000		1000000		1000000		1000000		1000000		1000000		1000000		1000000		1000000		1000000		1000000		1000000		1000000		1000000		1000000		1000000		1000000		1000000		1000000		1000000		1000000		1000000		1000000		1000000		1000000		1000000		1000000		1000000
Niphamari 	1000000		1000000		1000000		1000000		1000000		1000000		1000000		1000000		1000000		1000000		1000000		1000000		1000000		1000000		1000000		1000000		1000000		1000000		1000000		1000000		1000000		1000000		1000000		1000000		1000000		1000000		1000000		1000000		1000000		1000000		1000000		1000000		1000000		1000000		1000000		1000000		1000000		1000000		1000000		1000000		1000000		1000000		1000000		1000000		1000000		1000000		1000000		1000000		1000000		1000000		1000000		1000000		1000000		1000000		1000000		1000000		1000000		1000000		1000000		1000000		1000000		1000000		1000000		1000000
Noakhali 	1000000		1000000		1000000		1000000		1000000		1000000		1000000		1000000		1000000		1000000		1000000		1000000		1000000		1000000		1000000		1000000		1000000		1000000		1000000		1000000		1000000		1000000		1000000		1000000		1000000		1000000		1000000		1000000		1000000		1000000		1000000		1000000		1000000		1000000		1000000		1000000		1000000		1000000		1000000		1000000		1000000		1000000		1000000		1000000		1000000		1000000		1000000		1000000		1000000		1000000		1000000		1000000		1000000		1000000		1000000		1000000		1000000		1000000		1000000		1000000		1000000		1000000		1000000		1000000
Pabna 		1000000		1000000		1000000		1000000		1000000		1000000		1000000		1000000		1000000		1000000		1000000		1000000		1000000		172.11		1000000		1000000		1000000		1000000		1000000		1000000		1000000		1000000		1000000		1000000		1000000		1000000		1000000		1000000		1000000		1000000		1000000		1000000		1000000		1000000		1000000		1000000		1000000		1000000		1000000		1000000		1000000		1000000		1000000		1000000		1000000		1000000		1000000		1000000		1000000		1000000		1000000		1000000		1000000		1000000		1000000		1000000		1000000		1000000		1000000		1000000		1000000		1000000		1000000		1000000
Panchagarh 	1000000		1000000		1000000		1000000		1000000		1000000		1000000		1000000		1000000		1000000		1000000		1000000		1000000		1000000		1000000		1000000		1000000		1000000		1000000		1000000		1000000		1000000		1000000		1000000		1000000		1000000		1000000		1000000		1000000		1000000		1000000		1000000		1000000		1000000		1000000		1000000		1000000		1000000		1000000		1000000		1000000		1000000		1000000		1000000		1000000		1000000		1000000		1000000		1000000		1000000		1000000		1000000		1000000		1000000		1000000		1000000		1000000		1000000		1000000		1000000		1000000		1000000		1000000		1000000
Patuakhali 	1000000		1000000		1000000		1000000		1000000		1000000		1000000		1000000		1000000		1000000		1000000		1000000		1000000		1000000		1000000		1000000		1000000		1000000		1000000		1000000		1000000		1000000		1000000		1000000		1000000		1000000		1000000		1000000		1000000		1000000		1000000		1000000		1000000		1000000		1000000		1000000		1000000		1000000		1000000		1000000		1000000		1000000		1000000		1000000		1000000		1000000		1000000		1000000		1000000		1000000		1000000		1000000		1000000		1000000		1000000		1000000		1000000		1000000		1000000		1000000		1000000		1000000		1000000		1000000
Pirojpur 	1000000		1000000		1000000		1000000		1000000		1000000		1000000		1000000		1000000		1000000		1000000		1000000		1000000		1000000		1000000		1000000		1000000		1000000		1000000		1000000		1000000		1000000		1000000		1000000		1000000		1000000		1000000		1000000		1000000		1000000		1000000		1000000		1000000		1000000		1000000		1000000		1000000		1000000		1000000		1000000		1000000		1000000		1000000		1000000		1000000		1000000		1000000		1000000		1000000		1000000		1000000		1000000		1000000		1000000		1000000		1000000		1000000		1000000		1000000		1000000		1000000		1000000		1000000		1000000
Rajbari 	1000000		1000000		1000000		1000000		1000000		1000000		1000000		1000000		1000000		1000000		1000000		1000000		1000000		1000000		1000000		1000000		1000000		1000000		1000000		1000000		1000000		1000000		1000000		1000000		1000000		1000000		1000000		1000000		1000000		1000000		1000000		1000000		1000000		1000000		1000000		1000000		1000000		1000000		1000000		1000000		1000000		1000000		1000000		1000000		1000000		1000000		1000000		1000000		1000000		1000000		1000000		1000000		1000000		1000000		1000000		1000000		1000000		1000000		1000000		1000000		1000000		1000000		1000000		1000000
Rajshahi 	1000000		1000000		1000000		1000000		1000000		1000000		1000000		1000000		1000000		1000000		1000000		1000000		1000000		242.6		1000000		1000000		1000000		1000000		1000000		1000000		1000000		1000000		1000000		1000000		1000000		1000000		1000000		1000000		1000000		1000000		1000000		1000000		1000000		1000000		1000000		1000000		1000000		1000000		1000000		1000000		1000000		1000000		1000000		1000000		1000000		1000000		1000000		1000000		1000000		1000000		1000000		1000000		1000000		1000000		1000000		1000000		1000000		1000000		1000000		1000000		1000000		1000000		1000000		1000000
Rangamati 	1000000		1000000		1000000		1000000		1000000		1000000		1000000		1000000		1000000		1000000		1000000		1000000		1000000		1000000		1000000		1000000		1000000		1000000		1000000		1000000		1000000		1000000		1000000		1000000		1000000		1000000		1000000		1000000		1000000		1000000		1000000		1000000		1000000		1000000		1000000		1000000		1000000		1000000		1000000		1000000		1000000		1000000		1000000		1000000		1000000		1000000		1000000		1000000		1000000		1000000		1000000		1000000		1000000		1000000		1000000		1000000		1000000		1000000		1000000		1000000		1000000		1000000		1000000		1000000
Rangpur 	1000000		1000000		1000000		1000000		1000000		1000000		1000000		1000000		1000000		1000000		1000000		1000000		1000000		1000000		1000000		1000000		1000000		1000000		1000000		1000000		1000000		1000000		1000000		1000000		1000000		1000000		1000000		1000000		1000000		1000000		1000000		1000000		1000000		1000000		1000000		1000000		1000000		1000000		1000000		1000000		1000000		1000000		1000000		1000000		1000000		1000000		1000000		1000000		1000000		1000000		1000000		1000000		1000000		1000000		1000000		1000000		1000000		1000000		1000000		1000000		1000000		1000000		1000000		1000000
Satkhira	1000000		1000000		1000000		1000000		1000000		1000000		1000000		1000000		1000000		1000000		1000000		1000000		1000000		1000000		1000000		1000000		1000000		1000000		1000000		1000000		1000000		1000000		1000000		1000000		1000000		1000000		1000000		1000000		1000000		1000000		1000000		1000000		1000000		1000000		1000000		1000000		1000000		1000000		1000000		1000000		1000000		1000000		1000000		1000000		1000000		1000000		1000000		1000000		1000000		1000000		1000000		1000000		1000000		1000000		1000000		1000000		1000000		1000000		1000000		1000000		1000000		1000000		1000000		1000000
Shariatpur	1000000		1000000		1000000		1000000		1000000		1000000		1000000		1000000		1000000		1000000		1000000		1000000		1000000		1000000		1000000		1000000		1000000		1000000		1000000		1000000		1000000		1000000		1000000		1000000		1000000		1000000		1000000		1000000		1000000		1000000		1000000		1000000		1000000		1000000		1000000		1000000		1000000		1000000		1000000		1000000		1000000		1000000		1000000		1000000		1000000		1000000		1000000		1000000		1000000		1000000		1000000		1000000		1000000		1000000		1000000		1000000		1000000		1000000		1000000		1000000		1000000		1000000		1000000		1000000 
Sherpur	 	1000000		1000000		1000000		1000000		1000000		1000000		1000000		1000000		1000000		1000000		1000000		1000000		1000000		1000000		1000000		1000000		1000000		1000000		1000000		1000000		1000000		1000000		1000000		1000000		1000000		1000000		1000000		1000000		1000000		1000000		1000000		1000000		1000000		1000000		1000000		1000000		1000000		1000000		1000000		1000000		1000000		1000000		1000000		1000000		1000000		1000000		1000000		1000000		1000000		1000000		1000000		1000000		1000000		1000000		1000000		1000000		1000000		1000000		1000000		1000000		1000000		1000000		1000000		1000000
Sirajganj	1000000		1000000		1000000		1000000		1000000		1000000		1000000		1000000		1000000		1000000		1000000		1000000		1000000		120.2		1000000		1000000		1000000		1000000		1000000		1000000		1000000		1000000		1000000		1000000		1000000		1000000		1000000		1000000		1000000		1000000		1000000		1000000		1000000		1000000		1000000		1000000		1000000		1000000		1000000		1000000		1000000		1000000		1000000		1000000		1000000		1000000		1000000		1000000		1000000		1000000		1000000		1000000		1000000		1000000		1000000		1000000		1000000		1000000		1000000		1000000		1000000		1000000		1000000		1000000
Sunamganj 	1000000		1000000		1000000		1000000		1000000		1000000		1000000		1000000		1000000		1000000		1000000		1000000		1000000		1000000		1000000		1000000		1000000		1000000		1000000		1000000		1000000		1000000		1000000		1000000		1000000		1000000		1000000		1000000		1000000		1000000		1000000		1000000		1000000		1000000		1000000		1000000		1000000		1000000		1000000		1000000		1000000		1000000		1000000		1000000		1000000		1000000		1000000		1000000		1000000		1000000		1000000		1000000		1000000		1000000		1000000		1000000		1000000		1000000		1000000		1000000		1000000		1000000		1000000		1000000
Sylhet 		1000000		1000000		1000000		1000000		1000000		1000000		1000000		1000000		1000000		1000000		1000000		1000000		1000000		1000000		1000000		1000000		1000000		1000000		1000000		1000000		1000000		1000000		1000000		1000000		1000000		1000000		1000000		1000000		1000000		1000000		1000000		1000000		1000000		1000000		1000000		1000000		1000000		1000000		1000000		1000000		1000000		1000000		1000000		1000000		1000000		1000000		1000000		1000000		1000000		1000000		1000000		1000000		1000000		1000000		1000000		1000000		1000000		1000000		1000000		1000000		1000000		1000000		1000000		1000000
Tangail	 	1000000		1000000		1000000		1000000		1000000		1000000		1000000		1000000		1000000		1000000		1000000		1000000		1000000		89.4		1000000		1000000		1000000		1000000		1000000		1000000		1000000		1000000		1000000		1000000		1000000		1000000		1000000		1000000		1000000		1000000		1000000		1000000		1000000		1000000		1000000		1000000		1000000		1000000		1000000		1000000		1000000		1000000		1000000		1000000		1000000		1000000		1000000		1000000		1000000		1000000		1000000		1000000		1000000		1000000		1000000		1000000		1000000		1000000		1000000		1000000		1000000		1000000		1000000		1000000
Thakurgaon	1000000		1000000		1000000		1000000		1000000		1000000		1000000		1000000		1000000		1000000		1000000		1000000		1000000		1000000		1000000		1000000		1000000		1000000		1000000		1000000		1000000		1000000		1000000		1000000		1000000		1000000		1000000		1000000		1000000		1000000		1000000		1000000		1000000		1000000		1000000		1000000		1000000		1000000		1000000		1000000		1000000		1000000		1000000		1000000		1000000		1000000		1000000		1000000		1000000		1000000		1000000		1000000		1000000		1000000		1000000		1000000		1000000		1000000		1000000		1000000		1000000		1000000		1000000		1000000